0.00636696815491      9575.334692971734
0.252383947372      731.5062891730643
0.499032020569      726.6061604171023
0.745389938354      720.5580241887292
0.990417003632      713.8127052460383
1.23533701897      706.6555782464112
1.48035001755      699.2753890189249
1.72529101372      691.8022448817347
1.96946406364      684.328741030449
2.21448493004      676.9221596100465
2.45873808861      669.6319022717468
2.70308899879      662.4942868973517
2.94741392136      655.5358000532224
3.19120693207      648.7753763294271
3.43550491333      642.2260204233903
3.6829020977      635.89596674413
3.92948293686      629.7895155249042
4.17484593391      623.9076559838579
4.43093299866      618.2485654150901
4.67841506004      612.8080494745068
4.92313504219      607.5799628663964
5.16872596741      602.5566251060053
5.41332292557      597.7292275571481
5.65754199028      593.0882179215906
5.90454792976      588.6236463323629
6.15057587624      584.3254607180419
6.39559698105      580.1837451358836
6.64078402519      576.1889008538151
6.88553595543      572.3317746630888
7.15395092964      568.6037417513338
7.39896607399      564.9967516194423
7.64363193512      561.5033454322052
7.88854503632      558.1166523400952
8.13319206238      554.8303711035039
8.37902998924      551.6387420708334
8.62583208084      548.5365133737724
8.87166595459      545.5189041861076
9.11916589737      542.58156706865
9.36636710167      539.7205507833456
9.61437010765      536.9322644790237
9.86477804184      534.2134438007112
10.1179668903      531.5611192253816
10.3701570034      528.9725867545842
10.6221458912      526.4453809789184
10.8717479706      523.9772504545614
11.1211659908      521.5661352861606
11.3661589622      519.210146784658
11.6131250858      516.9075490562865
11.8606569767      514.6567423757496
12.1094429493      512.4562481989492
12.3597810268      510.3046956764582
12.6069719791      508.20080953696055
12.8522930145      506.1433992184445
13.0994451046      504.13134913421794
13.406512022      502.16360996961424
13.6468710899      500.2391909139213
13.8868448734      498.3571527401166
14.1277461052      496.5166016524849
14.3676919937      494.71668382913225
14.6103620529      492.9565805927262
14.8529438972      491.2355041486451
15.0961680412      489.55269383499166
15.3380079269      487.9074128337577
15.5808830261      486.29894529689943
15.8223619461      484.72659384505357
16.0652339458      483.1896774003971
16.3097839355      481.6875293184785
16.5550899506      480.2194957869847
16.8008670807      478.7849344622395
17.0459139347      477.3832133169036
17.2916350365      476.01370967463305
17.5374109745      474.6758094098529
17.7836658955      473.36890629265565
18.0290699005      472.0924014608066
18.2884979248      470.84570300260935
18.5369319916      469.62822563587645
18.8223130703      468.4393904697503
19.0726408958      467.2786248375014
19.3248169422      466.14536218962587
19.5726249218      465.03904203766473
19.8183710575      463.9591099403145
20.0635819435      462.9050175241752
20.3115079403      461.87622253252766
20.5576748848      460.8721888961683
20.8037519455      459.8923868211514
21.0493500233      458.936292888862
21.2946259975      458.0033901645065
21.5396950245      457.0931683105451
21.7851390839      456.2051237021764
22.0300240517      455.3387595423339
22.2766199112      454.4935859740697
22.5213639736      453.6691201885721
22.7648010254      452.8648865273193
23.0086200237      452.0804165771952
23.2535190582      451.31524925761664
23.4978160858      450.56893089892196
23.7437129021      449.8410153114893
23.9910318851      449.1310638452181
24.2402899265      448.4386454390707
24.4866409302      447.76333666067416
24.7366840839      447.10472173586015
24.9860029221      446.4623925683182
25.2367119789      445.83594874947244
25.4874100685      445.22499755884957
25.7360959053      444.62915395519263
25.9848949909      444.04804055866936
26.242429018      443.48128762452876
26.4890918732      442.92853300860037
26.737860918      442.3894221250414
26.9839510918      441.86360789676263
27.2309360504      441.3507506989781
27.4780769348      440.85051829629
27.7247068882      440.3625857737753
27.9959590435      439.8866354625003
28.2444090843      439.42235685989937
28.4941580296      438.9694465454299
28.7427220345      438.52760809194365
28.9912600517      438.0965519731411
29.2420179844      437.6759954675254
29.4918889999      437.2656625592307
29.7417221069      436.8652838360524
29.9916450977      436.47459638508093
30.240901947      436.09334368620534
30.4884018898      435.7212755038533
30.735877037      435.3581477772231
30.9874958992      435.00372250931764
31.2384810448      434.65776765502955
31.486109972      434.32005700852363
31.7337830067      433.9903700901684
31.9809939861      433.6684920332049
32.2302670479      433.3542134703953
32.4773468971      433.0473304207924
32.7244539261      432.74764417685464
32.9718999863      432.45496119202784
33.2208809853      432.16909296897717
33.4678990841      431.88985594857076
33.7152590752      431.6170713997712
33.9618918896      431.35056531053885
34.2104659081      431.09016827984425
34.4568181038      430.8357154108899
34.7037138939      430.5870462056254
