1      9575.334692971734
100      731.5062891730643
200      726.6061604171023
300      720.5580241887292
400      713.8127052460383
500      706.6555782464112
600      699.2753890189249
700      691.8022448817347
800      684.328741030449
900      676.9221596100465
1000      669.6319022717468
1100      662.4942868973517
1200      655.5358000532224
1300      648.7753763294271
1400      642.2260204233903
1500      635.89596674413
1600      629.7895155249042
1700      623.9076559838579
1800      618.2485654150901
1900      612.8080494745068
2000      607.5799628663964
2100      602.5566251060053
2200      597.7292275571481
2300      593.0882179215906
2400      588.6236463323629
2500      584.3254607180419
2600      580.1837451358836
2700      576.1889008538151
2800      572.3317746630888
2900      568.6037417513338
3000      564.9967516194423
3100      561.5033454322052
3200      558.1166523400952
3300      554.8303711035039
3400      551.6387420708334
3500      548.5365133737724
3600      545.5189041861076
3700      542.58156706865
3800      539.7205507833456
3900      536.9322644790237
4000      534.2134438007112
4100      531.5611192253816
4200      528.9725867545842
4300      526.4453809789184
4400      523.9772504545614
4500      521.5661352861606
4600      519.210146784658
4700      516.9075490562865
4800      514.6567423757496
4900      512.4562481989492
5000      510.3046956764582
5100      508.20080953696055
5200      506.1433992184445
5300      504.13134913421794
5400      502.16360996961424
5500      500.2391909139213
5600      498.3571527401166
5700      496.5166016524849
5800      494.71668382913225
5900      492.9565805927262
6000      491.2355041486451
6100      489.55269383499166
6200      487.9074128337577
6300      486.29894529689943
6400      484.72659384505357
6500      483.1896774003971
6600      481.6875293184785
6700      480.2194957869847
6800      478.7849344622395
6900      477.3832133169036
7000      476.01370967463305
7100      474.6758094098529
7200      473.36890629265565
7300      472.0924014608066
7400      470.84570300260935
7500      469.62822563587645
7600      468.4393904697503
7700      467.2786248375014
7800      466.14536218962587
7900      465.03904203766473
8000      463.9591099403145
8100      462.9050175241752
8200      461.87622253252766
8300      460.8721888961683
8400      459.8923868211514
8500      458.936292888862
8600      458.0033901645065
8700      457.0931683105451
8800      456.2051237021764
8900      455.3387595423339
9000      454.4935859740697
9100      453.6691201885721
9200      452.8648865273193
9300      452.0804165771952
9400      451.31524925761664
9500      450.56893089892196
9600      449.8410153114893
9700      449.1310638452181
9800      448.4386454390707
9900      447.76333666067416
10000      447.10472173586015
10100      446.4623925683182
10200      445.83594874947244
10300      445.22499755884957
10400      444.62915395519263
10500      444.04804055866936
10600      443.48128762452876
10700      442.92853300860037
10800      442.3894221250414
10900      441.86360789676263
11000      441.3507506989781
11100      440.85051829629
11200      440.3625857737753
11300      439.8866354625003
11400      439.42235685989937
11500      438.9694465454299
11600      438.52760809194365
11700      438.0965519731411
11800      437.6759954675254
11900      437.2656625592307
12000      436.8652838360524
12100      436.47459638508093
12200      436.09334368620534
12300      435.7212755038533
12400      435.3581477772231
12500      435.00372250931764
12600      434.65776765502955
12700      434.32005700852363
12800      433.9903700901684
12900      433.6684920332049
13000      433.3542134703953
13100      433.0473304207924
13200      432.74764417685464
13300      432.45496119202784
13400      432.16909296897717
13500      431.88985594857076
13600      431.6170713997712
13700      431.35056531053885
13800      431.09016827984425
13900      430.8357154108899
14000      430.5870462056254
